0944577
8455533
0826300
3455622
3916322
388221
082323
382542
851111
815522
383612
812274
071400
815512
844542
423630
082502
011533
342633
423370
81133
86376
81147
81146
81144
81142
81138
81134
81132
81140
86359
81148
81143
81152
81151
39022
34241
86392
86378
86350
81139
86313
81272
86377
86368
86311
81150
86358
86395
86312
86354
34268
86370
86357
86342
86345
81131
81149
34277
34240
34261
86365
81456
81145
34266
81122
81153
34253
34278
81437
34279
34291
34258
34272
81450
81141
34249
34262
34256
81454
81137
81431
81135
34259
81266
81268
81455
34244
34275
81430
81452
81458
81433
34296
81436
81434
81279
81457
81439
81459
81451
86393
86314
86341
84652
81275
84676
86396
84656
83445
83437
81278
84648
84651
83431
84639
84655
84661
83458
83456
84635
84657
84650
84653
83422
83454
84662
86362
86372
83457
83433
08679
83432
83451
83438
83441
83439
83434
83453
83448
86315
83446
83449
83444
83447
83442
83436
84663
84672
83443
84670
84673
86379
09134
86351
86316
86344
86356
86394
09139
86340
86348
86349
86347
86375
86369
86352
34273
86319
09144
09131
84671
09152
81271
09156
86317
86391
09147
09138
09154
09151
09135
09142
09143
34260
09136
09133
09132
09137
09146
09145
09141
09130
09157
81136
34265
34271
38369
81650
81657
38356
38352
38365
38355
38343
38363
38349
38371
38353
38362
38357
81665
81654
81667
81656
81652
38340
38347
81658
38345
83191
83174
38155
38173
38179
38169
38350
38368
38367
38348
38366
38372
38358
38364
38346
38360
38359
38373
81655
81669
38171
39041
83141
83148
83146
83171
83175
83149
83196
83176
83192
38170
83143
83168
83161
83195
83177
83163
83178
83150
83130
81622
86117
81666
83193
81653
83157
83152
81660
81668
81659
81651
81664
83165
81663
81661
83142
83162
83155
83160
83154
83194
83153
38341
38159
08677
84146
84167
35354
35346
38167
34297
84153
84148
84157
84156
84168
84155
35336
84144
84140
84151
84162
84143
35368
34254
84169
35332
08643
34255
38351
84161
84150
35372
34251
34276
84552
34248
84159
34250
35333
34269
34257
34242
84163
34292
34247
35358
35349
38166
38150
38158
38152
35348
35341
38175
38178
38177
38153
38176
35352
38161
38154
38151
38164
38156
08640
38163
38172
84152
08646
84158
35337
38160
38252
84165
38168
08622
08676
35361
08666
35344
08647
35362
38174
35342
35351
35359
35335
35365
08664
08675
84145
82140
82139
84570
34797
34744
34718
08662
08648
08649
84542
84563
34761
34769
34759
34765
34713
34749
34798
34764
34777
34710
83535
34763
34767
34741
34796
84249
34794
34715
34795
34752
34750
34754
34760
34747
83537
34779
83532
83531
42156
42146
42138
42153
34740
34776
83539
83533
30139
84253
34712
34745
34793
34775
34757
34717
84243
34748
30148
84232
84244
84237
84246
84254
84241
84235
34746
34716
34719
84238
34742
35171
34791
30122
34531
34535
34541
34516
84239
34743
34768
30145
34792
34762
34756
34773
34770
34766
34714
34751
35140
84255
83534
41134
34772
08538
84231
84234
84242
84230
83538
34597
30236
30238
30244
41143
41137
41132
41133
41131
41142
34774
35168
30266
30256
08532
30242
35134
87822
30232
30230
30234
41147
41138
08544
08536
08543
08533
08546
08549
08535
08547
08531
41145
41136
35132
41163
83546
83536
08539
08542
41153
41141
41167
41135
35169
35150
35138
35157
83549
35143
35164
35142
35141
35159
08534
34771
41144
83530
83548
08545
83544
83543
83541
83542
83540
83551
35144
35158
35145
83545
35167
35166
35163
35146
35172
35161
35160
84245
84247
84576
35147
86550
86556
35151
35154
35148
35152
35139
35155
35149
82134
86541
35133
34540
84545
87937
34674
87933
86548
82147
07534
86554
08139
08148
82131
86545
87934
86549
86557
08143
08133
08140
07551
86542
08137
82151
08130
82135
07552
07535
07536
86544
34511
35135
82145
84557
82146
82138
82149
82142
82133
82136
82132
84562
82137
83197
08136
08142
07537
84551
84574
84555
84575
84565
84593
08145
84573
08674
82144
84560
84540
84550
84549
84579
84564
83159
08138
84567
84577
84592
84544
84548
08141
08166
08134
08149
08167
34550
35156
08135
48762
48752
08146
08144
84566
08153
08147
08165
08131
48742
48736
08132
84595
84558
07553
07541
34555
48735
34549
34544
48763
48746
82141
35136
48743
48754
48734
48756
48741
48732
48768
34591
48745
48767
48761
48744
48733
48731
48751
38246
34553
48755
08122
08233
34546
08238
34538
34594
34551
48766
34537
34542
34536
08231
34533
34557
34554
34545
34547
48753
38259
07545
07543
08267
07544
08155
07555
34564
34995
07559
07558
07557
07532
08262
07556
07531
08251
08222
07554
07548
07546
07533
07542
08265
08249
38245
83173
81662
38247
08235
83167
38253
38241
38255
08255
08268
08232
08234
34345
09349
08258
08253
08261
08271
08257
08242
08236
83172
34314
34377
08266
34376
34341
34313
34378
34355
34377
34319
34368
34394
34357
34373
34369
34365
34395
34363
34346
34343
34344
07345
83145
07375
07372
07350
34367
34360
34347
34371
34315
34356
34310
34397
34372
07346
34392
34370
34318
34342
34396
38822
07347
09355
81739
34361
34358
81752
34349
81751
81741
81732
81737
81753
81748
07354
81749
81745
81733
81747
81754
81758
81740
81757
81742
07366
07361
07352
34151
34134
07355
09353
07340
07376
07394
07365
07344
07362
07353
81746
83631
07364
07370
07391
07342
07357
07363
07356
07343
83638
83641
07341
83138
84346
84369
84366
84376
84341
84344
83644
83633
84368
84374
83639
83636
83634
83635
83643
83637
83632
84362
09354
34391
84367
09331
01159
01145
01156
84342
84316
84360
84375
84379
84361
09351
84345
84348
84378
84364
84377
84371
84365
83645
39510
01143
84373
09341
01151
34141
34145
34155
34166
34150
09337
09347
34163
42356
34123
09356
09336
09345
09339
09346
09334
09357
09352
34350
09343
09237
81755
39535
39549
39568
39566
34157
34162
34161
34136
34152
81744
34159
34147
34139
34138
34164
34133
34154
34158
34132
38595
07232
01164
07241
07244
07238
07245
07242
07233
07247
07231
07243
07235
07248
39034
07237
07246
07234
38511
38532
38514
34153
07236
85114
08343
08339
08334
08353
08348
08356
08331
08345
08349
08352
81850
08332
08346
08355
08336
08347
08338
08335
08354
08358
08344
85119
81841
85118
42362
81836
81840
81837
08341
81858
81856
38553
81854
81843
81831
81848
39035
39031
39032
39046
39033
39042
39036
39044
34130
85110
81839
81834
85172
85111
85171
85117
85116
85115
81855
09235
39546
85112
81859
81853
81851
81830
81835
81842
81838
84454
85113
84472
08351
42361
81759
84458
84476
84466
84445
84457
81852
09231
84467
84452
84461
84462
84468
84495
84446
09246
81832
81833
84442
84444
84455
84478
09247
84479
81738
81756
81743
84474
84465
84447
84473
84493
84464
84463
84477
84453
84492
84456
84475
09254
09242
42344
09243
84443
09234
09236
42337
42357
42331
42352
84494
42376
42345
42359
42366
42346
42355
42341
42377
42354
42349
42375
07396
42373
09232
86732
86737
42365
42335
42374
42339
09245
86734
38254
07133
86739
09248
09238
09233
09244
86735
86738
42347
35253
35257
86733
07151
39115
42371
42372
42351
01150
84347
01162
35248
07148
35245
86731
07150
07132
07136
07149
07122
35244
07156
86736
83367
49679
07465
07142
35238
35235
07157
07147
35247
07153
07462
07134
35241
07461
07159
07145
07137
07144
07154
07131
07143
07135
39154
39133
39169
35230
35243
07146
07155
07158
35234
35236
07468
39132
39138
07141
39145
39195
39137
39161
39116
39174
39197
39147
39144
83144
07473
35237
39153
35222
39168
39159
39118
39175
39171
01144
35232
81552
39139
35249
35251
35256
35240
35252
35239
35233
81554
81530
39117
39151
38244
39146
39156
39158
39164
39119
07463
07467
81533
81556
39149
81537
81554
81536
81538
81553
81535
81531
35242
35231
81532
85549
85558
49656
49637
49645
49620
81530
81551
49626
85515
09657
83170
83147
83179
85510
85559
85556
85555
85563
85557
49633
39167
49654
81555
49672
85519
85552
85511
85551
81559
49664
07471
87722
85514
41322
49644
49636
41344
41345
41347
41342
41346
07152
09241
42334
49621
49634
07474
07476
07464
07466
07469
07478
49622
49666
83350
49673
49667
49627
49646
49653
49675
49652
49643
49638
48446
49651
39140
49628
49661
49624
49631
49648
49640
49632
39148
49663
83357
83345
83355
48433
83365
83354
83353
83352
83368
49670
07475
38451
83369
48441
83347
83346
83351
83358
83344
83366
09430
48438
48444
48432
48456
38464
48434
83332
83362
83363
83359
83340
83348
83349
38453
48439
48431
86135
83343
09435
38442
38454
38447
83375
38452
38473
38445
38466
38422
38444
38471
38463
38474
38475
38443
38456
07477
48435
09451
83342
48436
83339
83361
48455
83338
48451
38459
86138
48443
38441
83337
83336
83334
83335
83333
83364
86165
01158
83341
86164
07472
86133
86152
86137
86155
86141
86159
86162
86160
86168
86158
86151
86142
01163
01152
86147
86169
86150
86149
83330
09453
38455
09449
48448
86162
86192
01157
86156
86146
86191
86143
86161
86163
86130
09432
86167
09444
86140
09431
86164
09446
48422
09443
86144
09434
09442
86193
48458
09439
09437
09450
09438
01153
01142
01141
09447
09441
09433
86196
09436
09452
09448
09440
01161
8512
0112
0855
0722
8462
8362
4967
3852
8342
8152
8553
8482
4842
0852
8313
8182
4112
8555
0822
8202
3022
0922
8452
3842
8312
8552
3912
3511
3435
0862
0932
0752
0942
8162
3532
8632
3472
0712
8442
8443
3525
8432
0812
0742
8142
3854
8362
8112
3432
8172
3422
3822
3452
4872
3462
8612
4967
8672
8212
8332
7262
0967
0732
3832
8422
3843
4232
8412
4964
4162
0832
3512
3952
3473
0912
4966
0725
3412
3812
4212
8652
8352
8622
8722
3182
862
495
818
879
093
812