0944577
3455622
423370
3916322
388221
8455533
0826300
342633
011533
082502
423630
844542
815512
082323
812274
383612
071400
815522
851111
382542
08354
08335
08338
08347
08336
08355
08346
08332
08352
08343
08349
08345
08331
08356
08348
08353
08334
08339
08358
81850
08344
81854
39042
39033
39046
39032
39031
39035
81848
81831
81843
38553
81841
81856
81858
08341
81837
81840
81836
42362
85118
85119
07236
07232
34153
34158
34154
34133
34164
34138
34139
34147
34159
34152
81755
34136
34161
34162
34157
39566
39568
39549
39535
34132
81744
38595
07235
38514
38532
38511
07234
07246
07237
39034
07248
07243
01164
07231
07247
07233
07242
07245
07238
07244
07241
39036
85114
39044
84442
84456
84492
84453
84477
84463
84464
84493
84473
84465
84444
84474
81743
81756
81738
84479
09247
84478
84455
84475
84447
09254
42376
42349
42354
42377
42341
42355
42346
42366
42359
42345
84494
42344
42352
42331
42357
42337
09236
09234
84443
09243
09242
81833
85113
81832
81842
81835
81830
81851
81853
81859
85112
39546
81855
85110
85115
85116
85117
85171
85111
85172
81834
81839
81838
09235
84454
09231
09246
84446
84495
84468
84462
84461
84452
84467
81852
84472
84457
84445
84466
84476
84458
81759
42361
08351
34130
09343
34134
34350
09355
07347
38822
34396
34342
34318
34370
34392
34372
07350
34397
34310
34356
34315
34371
34347
34360
34367
81739
07346
34361
81745
07361
07366
81742
81757
81740
81758
81754
81747
81733
81749
81752
07354
81748
81753
81737
81732
81741
81751
34349
34358
07375
08266
83145
83172
08236
08242
08257
08271
08261
08253
08258
34345
08235
08234
08232
08268
08255
38255
38241
38253
83167
34314
09349
34377
34373
07345
34344
34343
34346
34363
34395
34365
34369
34357
34376
34394
34368
34319
34377
34355
34378
34313
34341
07352
07372
34151
84367
83645
84365
84371
84377
84364
84378
84348
84345
84361
09331
84379
84375
84360
84316
84342
01156
01145
01159
39510
09351
01143
42356
09352
09357
09334
09346
09339
09345
09336
09356
34123
34163
09341
09347
09337
34150
34166
34155
34145
34141
01151
84373
07396
07341
09354
07343
07356
07363
07357
07342
07391
07370
07364
81746
07355
07353
07362
07344
07365
07394
07376
07340
09353
83638
83631
83641
84374
84362
83632
83637
83643
83635
83634
83636
83639
84368
83138
83633
83644
84344
84341
84376
84366
84369
84346
42375
09237
42373
83367
83359
83363
83362
83332
48434
38464
48456
48432
48438
83369
09430
83366
83344
83358
83351
83346
83347
48441
83340
48444
83348
38452
38475
38474
38463
38471
38444
38422
38466
38445
38473
83375
38453
38447
38454
38442
09435
83343
86135
48431
48439
83349
38456
49651
49670
49643
49652
49675
49653
49646
49627
49667
49673
49666
49621
49622
07478
07469
07466
07464
07476
07474
49634
49638
83350
48446
83357
83368
83352
83353
83354
83365
48433
83355
83345
49663
39140
39148
49632
49640
49648
49631
49624
49661
49628
38443
38451
07477
86133
48422
09446
09431
86140
09444
86167
09432
86130
86161
09449
86143
86191
86144
86146
86156
01157
86192
86162
48448
09443
86163
09434
09439
09440
09448
09452
09436
86196
09433
01161
09441
09442
01141
01142
01153
09438
09450
09437
09447
48458
86193
86164
38455
83341
83330
83364
83333
83335
83334
83336
83337
38441
48443
38459
48435
48451
83338
48455
83361
83339
48436
83342
09451
09453
86165
86138
01158
86168
86149
86150
86169
86147
01152
01163
86142
86151
86158
86160
86164
86162
86159
86141
86155
86137
86152
07472
07475
42334
07473
07152
07143
07131
07154
07144
07137
07145
07159
07461
07134
07465
07462
07153
35247
07147
07157
35235
35238
07142
07135
35241
39154
39138
39147
39197
39174
39116
39161
39137
39195
39145
07141
39132
39169
07468
35236
35234
07158
07155
07146
35243
35230
39133
09241
86733
86736
42347
86738
86735
09244
09233
09238
09248
86739
38254
09232
86734
09245
42339
42374
42335
42365
86737
86732
35253
07133
35257
35245
07156
35244
07122
07149
07136
07132
07150
86731
07148
07151
35248
01162
84347
01150
42351
42372
42371
39115
39144
49679
83144
81532
85563
85555
85556
85559
85510
83179
83147
83170
85515
85549
49626
81551
81530
49620
49645
49637
49656
85558
85557
09657
49633
87722
41346
41342
41347
41345
41344
49636
49644
41322
85514
07471
49654
49664
81559
85551
85511
85552
85519
49672
81555
39167
35231
39117
35242
35233
35239
35252
35240
35256
35251
35249
39139
35232
35237
01144
39171
39175
39118
39159
39168
35222
39153
81554
81552
81530
81556
81531
81535
81553
81538
81536
81554
81537
39149
81533
39151
07467
07463
39119
39164
39158
39156
39146
38244
34391
38247
83197
83173
83150
83178
83163
83177
83195
83161
83168
83143
83192
39041
83176
83196
83149
83175
83171
83146
83148
83141
83130
38170
81622
83165
83153
83194
83154
83160
83155
83162
83142
81661
81663
81664
81666
81662
81651
81659
81668
81660
83152
83157
81653
83193
86117
81669
81658
81655
81652
81656
81667
81654
81665
38357
38362
38353
38349
38369
38363
38343
38355
38365
38352
38356
81657
81650
38340
38371
38347
38348
38373
38359
38360
38346
38364
38358
38372
38366
38367
38345
38368
38350
38169
38179
38173
38155
83174
83191
38341
38171
38159
38166
38172
38163
08640
38156
38164
38151
38154
38161
38176
38150
38153
38177
38178
38175
35341
35348
38152
38158
84152
35352
08646
08647
08675
08664
35365
35335
35359
35351
35342
38174
35362
35344
35337
08666
35361
08676
08622
38168
84165
38252
38160
84158
35349
35332
35358
35368
84143
84162
84151
84140
84144
35336
84155
84156
84146
84157
84148
84153
34297
38167
35346
35354
84167
34254
84168
84169
84159
34247
34292
84163
34242
34257
34269
35333
34250
34248
34265
84552
34276
34251
35372
84150
84161
38351
34255
08677
34271
86348
81136
81135
81431
81137
81454
34256
34262
34249
81141
34272
34266
34258
34291
34279
81437
34278
34253
81153
81122
34259
81450
81266
81279
84652
86341
86314
86393
81451
81459
81439
81457
81434
81455
81436
81433
81456
81458
81452
81430
34275
34244
81268
81145
86345
86365
86392
81132
39022
81151
81152
81143
81148
86359
81140
81133
81134
81138
81142
81144
81146
81147
86376
86378
34241
81139
34268
34261
34240
34277
81149
81131
86350
86342
86357
86370
86354
86313
86312
86395
86358
81150
86311
86368
86377
81272
81275
34296
86396
84673
09131
09144
86319
34273
86352
86369
86375
86347
84676
86379
86340
09139
86394
86356
86344
86316
86351
09134
84671
86349
09152
34260
09157
09130
09141
09145
09146
09137
09132
09133
09136
09143
09156
09142
09135
09151
09154
09138
09147
86391
86317
81271
84670
83457
83443
84662
83454
83422
84653
84650
84657
84635
83456
84661
84656
84655
84639
83431
84651
84648
81278
83437
83445
86362
83458
86372
86315
84672
84663
83436
83442
83447
83444
83449
83446
83448
83433
83453
83434
83439
83441
83438
83451
83432
08679
84145
08643
82139
84576
84575
84555
84574
84551
07537
08142
08136
82140
84562
82145
82132
82136
82133
82142
82149
82138
82146
84557
84565
82137
84593
08138
08149
08134
08166
08141
84548
84544
84592
84577
84567
83159
84573
84564
84579
84549
84550
84540
84560
82144
08674
08145
34511
86554
86544
86548
87933
34674
87937
84545
34540
35133
86541
35149
35147
35155
35139
35152
35148
35154
35151
86556
86550
82147
82134
07534
07551
07536
07535
07552
82135
08130
82151
08137
86542
08140
08139
08133
08143
86557
86549
87934
86545
82131
08148
08167
35135
34550
08233
07543
07545
38259
48753
34547
34545
34554
34557
08231
34546
34536
34542
34537
48766
34551
34594
34538
08238
08267
34533
07544
08251
38245
08249
08265
07542
07533
07546
07548
07554
08222
07531
07555
07556
08262
07532
07557
07558
07559
34995
34564
08155
08122
48763
48755
48735
34555
07541
07553
84558
84595
08132
48736
08131
08135
08165
08147
08153
84566
08144
08146
48752
48762
34549
48742
34544
34591
34553
38246
48751
48731
48733
48744
48761
48767
48745
48768
48746
48732
48741
48756
48734
48754
48743
35136
82141
35156
84247
84255
84245
84235
84241
84254
84246
84237
84244
84232
30148
84243
83533
34717
34757
34775
34793
34745
34712
84253
30139
34746
34748
34716
34743
34714
34766
34770
34773
34756
34762
34792
30145
34768
84239
84238
34516
34541
34535
34531
30122
34791
35171
34742
34719
34776
34767
34740
34710
34777
34764
34798
34749
34713
34765
34759
34761
84570
84563
84542
08649
08648
08662
34718
34744
34797
83535
34769
34763
34747
42153
42138
42146
42156
83531
83532
34779
83537
34760
34741
34754
34750
34752
34795
34715
34794
84249
34796
34751
83539
35140
35132
35159
35141
35142
35164
35143
83549
35157
35138
35169
41163
41135
41167
41141
41153
08542
08539
83536
83546
08534
35150
34771
35158
35160
35161
35172
35146
35163
35166
35167
83545
35145
35144
83530
83551
83540
83542
83541
83543
83544
08545
83548
41144
41136
30266
41145
41142
41131
41133
41132
41137
41143
30244
30238
34597
83534
83538
84230
84242
84234
84231
08538
34772
41134
34774
30236
35168
08544
08531
08547
08535
08549
08546
08533
08543
08536
41138
30256
41147
30234
30230
30232
87822
35134
30242
0732
0967
0812
7262
8332
8212
8672
4967
8612
4872
8142
3452
3822
3422
8172
3432
8112
8362
8422
3832
3462
3843
3473
3182
08532
8722
8622
8352
8652
4212
3812
3412
0725
4232
0912
4966
3952
3512
0832
4162
4964
8412
3854
0742
8452
8432
0112
4112
8182
8313
0852
8342
4842
8482
8553
8152
8512
3852
4967
8362
8462
0722
0855
0822
8555
3022
0752
3525
8443
8442
0712
3472
8632
3532
8162
0942
0932
0922
0862
3435
3511
3912
8552
8312
3842
8202
862
495
818
879
093
812